Iteration,Numbder of Patients in Model,Number of Model Locations,Number of Patient Locations,Average Correlation,Correlations,Model Locations,Patient Locations
0,10,5,5,0.91393228511,"[ 0.93420002  0.9503608   0.95912845  0.84410659  0.84538875  0.72182478
  0.91841997  0.88425648  0.73989693  0.91297913  0.92860544  0.75789991
  0.95978823  0.95109502  0.95015612  0.9417137   0.93667145  0.82331776
  0.95131007  0.87374775  0.76494321  0.93335836  0.89091709  0.95546582
  0.95625614  0.95804702  0.95185912  0.94386788  0.90503929  0.91367358
  0.87502012  0.92603973  0.94743327  0.95241325  0.4041857   0.94075471
  0.85268252  0.95434228  0.93991914  0.93592523  0.90983448  0.66010879
  0.95242757  0.96175972  0.96186392  0.96253306  0.84599376  0.8177167
  0.73569772  0.95185271  0.77390065  0.90153055  0.94755565  0.80467885
  0.94748934  0.87671522  0.63792926  0.63488607  0.85133328  0.84846262
  0.88731391  0.94909754  0.92138408  0.704633    0.89911128  0.49516774
  0.83435101  0.95211089  0.82715083  0.91131243  0.96061731  0.9397635
  0.90905719  0.82321441  0.95963223  0.89142891  0.95175898  0.92536535
  0.76701237  0.95903866  0.95883388  0.90692255  0.92646817  0.70084765
  0.8319819   0.73861749  0.92555884  0.95897821  0.94188515  0.95445373
  0.92877458  0.9571254   0.94673234  0.86378775  0.7384079   0.90551789
  0.65709213  0.89741994  0.90030045  0.9612825   0.93013828  0.84021869
  0.91887153  0.94067095  0.80398682  0.90174253  0.93111084  0.92958984
  0.95747322  0.8750606   0.91756816  0.722928    0.9132733   0.94854108
  0.7218632   0.90209946  0.92127501  0.95767766  0.85969501  0.93556647
  0.87663345  0.89642303  0.83645811  0.88632425  0.87430128  0.9321114
  0.71026591  0.73125269  0.94345425  0.9487419   0.95873649  0.951944
  0.94769387  0.95359198  0.91923961  0.9515682   0.95298495  0.9538743
  0.8394222   0.95798889  0.9492151   0.92801849  0.74593001  0.8328851
  0.88843865  0.90067127  0.93934109  0.87877314  0.56914448  0.9502841
  0.89693329  0.59797026  0.96259762  0.57759184  0.92053555  0.95363369
  0.79463636  0.93946145  0.8651857   0.94832895  0.90046603  0.93864639
  0.8951944   0.77376111  0.95018619]","[[ 10.  -6.  48.]
 [ 10.  -6.  68.]
 [ 10.  34.  28.]
 [ 30. -66. -12.]
 [ 30.  34.  28.]
 [-30.  -6.  28.]
 [-10. -66. -12.]
 [-10.  34.  28.]
 [ 30. -86.   8.]
 [ 50. -46. -12.]
 [-30. -66. -52.]
 [-30.  14.   8.]
 [-10. -26. -32.]
 [ 30. -66. -12.]
 [ 30.  -6. -32.]
 [-30. -66. -32.]
 [-10. -46.  48.]
 [-10.  14.   8.]
 [ 10.  -6.  28.]
 [ 10.  14.  28.]
 [-10. -66.  48.]
 [-10. -46. -12.]
 [ 50. -46. -12.]
 [ 50.  -6. -32.]
 [ 50.  34.   8.]
 [-10. -86. -12.]
 [-10. -46.  68.]
 [ 10.  14. -12.]
 [ 30.  -6.  48.]
 [ 30.  14.  28.]
 [-50. -26.  28.]
 [-30.  -6. -12.]
 [-10. -46.   8.]
 [ 30. -46.   8.]
 [ 30. -46.  48.]
 [-50. -66.   8.]
 [-10. -66.   8.]
 [-10. -46.  68.]
 [ 10. -86.   8.]
 [ 10. -26. -12.]
 [-50. -46.   8.]
 [-30.  34.   8.]
 [ 10. -46.  48.]
 [ 30.  -6.   8.]
 [ 30.  34. -12.]
 [-50. -26.   8.]
 [-30. -66. -32.]
 [-10. -26. -12.]
 [ 30.  34.   8.]
 [ 50.  34.   8.]]","[[-10.  14.  28.]
 [ 30. -66.  48.]
 [ 30. -46.  28.]
 [ 30.  -6.  28.]
 [ 50. -26.  28.]]"
0,10,5,55,0.883004052701,"[ 0.95972967  0.81418961  0.81790329  0.560239    0.96229571  0.96180711
  0.9103824   0.90978315  0.92500136  0.92327842  0.89741938  0.91147917
  0.69610799  0.7658728   0.9029824   0.91971146  0.76716147  0.9559489
  0.83172624  0.88231667  0.94333584  0.96218833  0.93797105  0.94634087
  0.72728803  0.95972299  0.95191515  0.8789209   0.95907258  0.91281691
  0.90932964  0.83780545  0.92167345  0.91051107  0.836824    0.95288217
  0.94781945  0.92139665  0.58988985  0.95600892  0.95026669  0.91689999
  0.89064353  0.78760725  0.90470709  0.89282409  0.90347587  0.86745799
  0.88598288  0.91898279  0.84213502  0.88919118  0.95761492  0.9328515
  0.96004544  0.92495624  0.75228435  0.47942241  0.72307538  0.8471402
  0.95998555  0.95242758  0.94318065  0.95887043  0.85702462  0.95610745
  0.88832413  0.92962878  0.76905323  0.87855725  0.9506134   0.87732696
  0.47782576  0.82183631  0.84939081  0.42266194  0.71285541  0.96576749
  0.94341778  0.95809197  0.91523795  0.93230565  0.71992491  0.95214292
  0.90122988  0.9587332   0.89585656  0.96450038  0.95666786  0.94158381
  0.95531651  0.94271359  0.85648922  0.93007438  0.85123725  0.89632332
  0.8735603   0.9518434   0.54080222  0.96340933  0.80595463  0.94343953
  0.78351092  0.812987    0.75068559  0.89770654  0.96621478  0.87902321
  0.92632691  0.92006508  0.95900048  0.91060061  0.77009818  0.96373549
  0.93883317]","[[-30. -66.   8.]
 [-30. -26.  28.]
 [ 10. -66. -12.]
 [ 10. -26.  28.]
 [ 30. -26.  48.]
 [-30. -26.   8.]
 [-10. -46. -12.]
 [-10.  54. -12.]
 [ 10.  54. -12.]
 [ 30. -66. -32.]
 [-50.  -6.   8.]
 [-30.  34.  28.]
 [-10. -86. -32.]
 [-10. -66.  28.]
 [-10. -26.   8.]
 [-30. -66.   8.]
 [-10.  -6.  68.]
 [-10.  54. -12.]
 [ 30. -26. -12.]
 [ 30.  -6.   8.]
 [-50. -46. -12.]
 [-50.  14.   8.]
 [ 10.  -6.  48.]
 [ 10.  54.   8.]
 [ 10.  54.  28.]
 [-30. -86.   8.]
 [-10.  54. -12.]
 [ 10. -26. -12.]
 [ 10. -26.  68.]
 [ 30. -26.  48.]
 [-50. -26.  48.]
 [-30. -86.   8.]
 [-10. -26.   8.]
 [ 10.  34.  48.]
 [ 50. -26.   8.]
 [-30. -66. -32.]
 [-30. -66. -12.]
 [-30. -26. -12.]
 [-10.  -6.  48.]
 [ 30.  14.  48.]
 [-30. -46.   8.]
 [-30.  34.   8.]
 [-10. -66.  28.]
 [ 10. -26.  68.]
 [ 50. -66.   8.]
 [-30.  14. -12.]
 [-10. -46.  48.]
 [-10.  54.  28.]
 [ 30. -66.   8.]
 [ 50. -26.   8.]]","[[-50. -46. -12.]
 [-50. -46.   8.]
 [-50.  -6.   8.]
 [-50.  -6.  28.]
 [-30. -66.  28.]
 [-30. -46. -32.]
 [-30. -26.  28.]
 [-30. -26.  48.]
 [-30.  -6. -12.]
 [-30.  -6.   8.]
 [-30.  -6.  48.]
 [-30.  14. -12.]
 [-30.  34. -12.]
 [-30.  34.   8.]
 [-10. -86. -12.]
 [-10. -66. -32.]
 [-10. -66. -12.]
 [-10. -66.   8.]
 [-10. -66.  48.]
 [-10. -46. -32.]
 [-10. -46.  68.]
 [-10. -26. -12.]
 [-10. -26.  48.]
 [-10.  -6. -32.]
 [-10.  -6. -12.]
 [-10.  -6.  28.]
 [-10.  -6.  68.]
 [-10.  14.   8.]
 [-10.  14.  28.]
 [-10.  34.  28.]
 [-10.  34.  48.]
 [-10.  54.   8.]
 [ 10. -86. -32.]
 [ 10. -86.   8.]
 [ 10. -66. -32.]
 [ 10. -66.   8.]
 [ 10. -66.  48.]
 [ 10. -46. -52.]
 [ 10. -46. -12.]
 [ 10. -26.  28.]
 [ 10.  -6. -12.]
 [ 10.  -6.  28.]
 [ 10.  -6.  48.]
 [ 10.  34.   8.]
 [ 30. -66. -12.]
 [ 30. -46.   8.]
 [ 30. -46.  48.]
 [ 30.  -6. -32.]
 [ 30.  14.   8.]
 [ 30.  14.  28.]
 [ 30.  14.  48.]
 [ 30.  34. -12.]
 [ 50. -66. -32.]
 [ 50. -46.  28.]
 [ 50. -26.  28.]]"
0,10,5,105,0.864726131189,"[ 0.95014019  0.70487572  0.96352341  0.95922705  0.96199889  0.90180093
  0.70719625  0.87778163  0.95080312  0.95244049  0.87221023  0.88994564
  0.95893913  0.85006502  0.95692394  0.96482718  0.9159406   0.95839185
  0.88881911  0.90445107  0.94254874  0.89440009  0.3077895   0.70891668
  0.86811992  0.83173983  0.90562221  0.9444799   0.95070278  0.80148819
  0.95756535  0.90711502  0.95959461  0.95370926  0.88500779  0.84757561
  0.78534823  0.55494252  0.95553479  0.95540103  0.81348527  0.7018478
  0.79342192  0.64063613  0.9141136   0.93756435  0.95421197  0.95102308
  0.46924048  0.94352669  0.95421672  0.8917205   0.95582956  0.95925877
  0.89588393  0.89142548  0.94385117  0.94581049  0.92288057  0.92507346
  0.83813133  0.87491118  0.93274449  0.81095061  0.96210181]","[[-50. -26.  28.]
 [-30. -46.  48.]
 [-30. -26.  48.]
 [-10.  -6.  48.]
 [ 30.  54.   8.]
 [-10. -26.  68.]
 [ 10. -86. -32.]
 [ 10. -46. -12.]
 [ 30. -26. -12.]
 [ 50. -66.   8.]
 [-50. -26.  48.]
 [-30. -26.  48.]
 [-30.  -6.  28.]
 [-30.  54.   8.]
 [-10. -86.  28.]
 [ 30. -86.   8.]
 [ 30.  34.  28.]
 [ 50. -66.  28.]
 [ 50. -46.   8.]
 [ 50.  -6.   8.]
 [-50.  14.   8.]
 [-30.  -6.  48.]
 [ 10.  -6.   8.]
 [ 10.  14.   8.]
 [ 30.  -6.   8.]
 [-50. -26.   8.]
 [-30. -26. -12.]
 [-30.  -6.  48.]
 [ 30. -46.   8.]
 [ 30. -26.  28.]
 [-30.  -6.   8.]
 [-30.  14.  48.]
 [-10. -26.  68.]
 [ 10. -86.  28.]
 [ 30.  14. -12.]
 [-10. -26.  68.]
 [ 10.  -6.  48.]
 [ 30. -26.  48.]
 [ 30.  -6. -32.]
 [ 50.  14.   8.]
 [-30. -66.   8.]
 [-30. -26. -12.]
 [ 10. -46.   8.]
 [ 10.  -6. -32.]
 [ 10.  -6. -12.]
 [-50. -26.  48.]
 [-30.  -6.  28.]
 [-10. -46. -52.]
 [ 10. -26.  28.]
 [ 30. -86. -12.]]","[[-50. -46. -12.]
 [-50. -46.   8.]
 [-50. -46.  28.]
 [-50. -26.   8.]
 [-50. -26.  28.]
 [-50.  -6. -32.]
 [-50.  -6. -12.]
 [-50.  -6.   8.]
 [-50.  -6.  28.]
 [-30. -66. -52.]
 [-30. -66. -32.]
 [-30. -66.  28.]
 [-30. -46. -32.]
 [-30. -46.   8.]
 [-30. -26. -32.]
 [-30. -26. -12.]
 [-30. -26.  48.]
 [-30.  -6. -12.]
 [-30.  -6.   8.]
 [-30.  -6.  28.]
 [-30.  -6.  48.]
 [-30.  14. -12.]
 [-30.  14.   8.]
 [-30.  14.  28.]
 [-30.  14.  48.]
 [-30.  34.   8.]
 [-30.  54.   8.]
 [-10. -86. -32.]
 [-10. -86.   8.]
 [-10. -66. -32.]
 [-10. -66.   8.]
 [-10. -66.  48.]
 [-10. -46. -32.]
 [-10. -46. -12.]
 [-10. -46.   8.]
 [-10. -26. -32.]
 [-10. -26. -12.]
 [-10. -26.  28.]
 [-10. -26.  48.]
 [-10.  -6. -32.]
 [-10.  -6.  48.]
 [-10.  14.   8.]
 [-10.  14.  28.]
 [-10.  34. -12.]
 [-10.  34.   8.]
 [-10.  34.  28.]
 [-10.  54. -12.]
 [-10.  54.   8.]
 [-10.  54.  28.]
 [ 10. -86. -32.]
 [ 10. -86.   8.]
 [ 10. -86.  28.]
 [ 10. -66. -12.]
 [ 10. -66.  28.]
 [ 10. -66.  48.]
 [ 10. -46. -52.]
 [ 10. -46. -32.]
 [ 10. -46. -12.]
 [ 10. -46.   8.]
 [ 10. -46.  68.]
 [ 10. -26. -32.]
 [ 10. -26. -12.]
 [ 10. -26.  28.]
 [ 10. -26.  48.]
 [ 10. -26.  68.]
 [ 10.  -6. -32.]
 [ 10.  -6. -12.]
 [ 10.  -6.   8.]
 [ 10.  -6.  28.]
 [ 10.  -6.  68.]
 [ 10.  14. -12.]
 [ 10.  14.   8.]
 [ 10.  14.  48.]
 [ 10.  34. -12.]
 [ 10.  34.   8.]
 [ 10.  54. -12.]
 [ 30. -86. -12.]
 [ 30. -66. -52.]
 [ 30. -66. -32.]
 [ 30. -66.   8.]
 [ 30. -66.  28.]
 [ 30. -66.  48.]
 [ 30. -46. -32.]
 [ 30. -46. -12.]
 [ 30. -26. -12.]
 [ 30.  -6. -32.]
 [ 30.  -6. -12.]
 [ 30.  -6.   8.]
 [ 30.  -6.  48.]
 [ 30.  14.  28.]
 [ 30.  34. -12.]
 [ 30.  34.   8.]
 [ 30.  34.  28.]
 [ 30.  54.   8.]
 [ 50. -66. -32.]
 [ 50. -66.  28.]
 [ 50. -46. -12.]
 [ 50. -46.   8.]
 [ 50. -26. -12.]
 [ 50. -26.   8.]
 [ 50. -26.  28.]
 [ 50.  -6. -32.]
 [ 50.  -6. -12.]
 [ 50.  -6.   8.]
 [ 50.  34.   8.]]"
0,10,5,155,0.887684614381,"[ 0.93963713  0.96225209  0.9297054   0.95945567  0.83086116  0.95312067
  0.94121111  0.94785653  0.95634516  0.94057221  0.96189576  0.95102728
  0.9614469   0.86423526  0.83085247]","[[-50. -26.  48.]
 [-30. -66. -52.]
 [-10. -46. -32.]
 [-10. -26.  28.]
 [ 10. -26.  48.]
 [-50. -66.   8.]
 [-50.  -6. -32.]
 [-30.  14.  28.]
 [-10. -26. -32.]
 [-10.  34.  48.]
 [-50.  -6. -32.]
 [-30. -66.   8.]
 [-30. -46.  48.]
 [-30.  34.  28.]
 [-10. -86. -12.]
 [-30. -26.   8.]
 [-30.  -6.  48.]
 [-10. -26.  68.]
 [ 10.  -6.  48.]
 [ 30.  -6. -12.]
 [-50.  -6.   8.]
 [-30. -26.  28.]
 [-10. -26. -12.]
 [ 30. -66.  28.]
 [ 30.  14. -12.]
 [-50. -46. -12.]
 [-10.  -6. -32.]
 [-10.  54.  28.]
 [ 10. -86.  28.]
 [ 30.  34.   8.]
 [-30. -26. -12.]
 [-10. -46.  28.]
 [-10.  -6. -12.]
 [ 10.  14. -12.]
 [ 10.  14.   8.]
 [-50. -46. -12.]
 [-30.  -6.   8.]
 [-10. -46. -52.]
 [ 10. -26. -52.]
 [ 50.  -6.   8.]
 [-10.  -6.  48.]
 [ 10. -46.  68.]
 [ 10.  -6. -12.]
 [ 10.  -6.  68.]
 [ 50.  -6. -32.]
 [-30. -46.   8.]
 [-10. -66.  48.]
 [-10. -26.  68.]
 [ 10.  -6.  48.]
 [ 50. -26.  48.]]","[[-50. -66.   8.]
 [-50. -46. -12.]
 [-50. -46.   8.]
 [-50. -46.  28.]
 [-50. -26. -12.]
 [-50. -26.   8.]
 [-50. -26.  28.]
 [-50. -26.  48.]
 [-50.  -6. -32.]
 [-50.  -6. -12.]
 [-50.  -6.   8.]
 [-50.  -6.  28.]
 [-50.  14.   8.]
 [-30. -66. -52.]
 [-30. -66. -32.]
 [-30. -66. -12.]
 [-30. -66.   8.]
 [-30. -66.  28.]
 [-30. -46. -32.]
 [-30. -46. -12.]
 [-30. -46.   8.]
 [-30. -46.  28.]
 [-30. -46.  48.]
 [-30. -26. -32.]
 [-30. -26. -12.]
 [-30. -26.   8.]
 [-30. -26.  28.]
 [-30. -26.  48.]
 [-30.  -6. -32.]
 [-30.  -6. -12.]
 [-30.  -6.   8.]
 [-30.  -6.  28.]
 [-30.  -6.  48.]
 [-30.  14. -12.]
 [-30.  14.   8.]
 [-30.  14.  28.]
 [-30.  14.  48.]
 [-30.  34. -12.]
 [-30.  34.   8.]
 [-30.  34.  28.]
 [-30.  54.   8.]
 [-10. -86. -32.]
 [-10. -86. -12.]
 [-10. -86.   8.]
 [-10. -86.  28.]
 [-10. -66. -32.]
 [-10. -66. -12.]
 [-10. -66.   8.]
 [-10. -66.  28.]
 [-10. -66.  48.]
 [-10. -46. -52.]
 [-10. -46. -32.]
 [-10. -46. -12.]
 [-10. -46.   8.]
 [-10. -46.  48.]
 [-10. -46.  68.]
 [-10. -26. -32.]
 [-10. -26. -12.]
 [-10. -26.   8.]
 [-10. -26.  28.]
 [-10. -26.  48.]
 [-10. -26.  68.]
 [-10.  -6. -32.]
 [-10.  -6. -12.]
 [-10.  -6.   8.]
 [-10.  -6.  28.]
 [-10.  -6.  48.]
 [-10.  -6.  68.]
 [-10.  14. -12.]
 [-10.  14.   8.]
 [-10.  14.  28.]
 [-10.  14.  48.]
 [-10.  34. -12.]
 [-10.  34.   8.]
 [-10.  34.  28.]
 [-10.  34.  48.]
 [-10.  54.   8.]
 [-10.  54.  28.]
 [ 10. -86. -32.]
 [ 10. -86.   8.]
 [ 10. -86.  28.]
 [ 10. -66. -32.]
 [ 10. -66. -12.]
 [ 10. -66.   8.]
 [ 10. -66.  28.]
 [ 10. -66.  48.]
 [ 10. -46. -52.]
 [ 10. -46. -32.]
 [ 10. -46.   8.]
 [ 10. -46.  28.]
 [ 10. -46.  48.]
 [ 10. -46.  68.]
 [ 10. -26. -52.]
 [ 10. -26. -32.]
 [ 10. -26.   8.]
 [ 10. -26.  28.]
 [ 10. -26.  48.]
 [ 10.  -6. -32.]
 [ 10.  -6. -12.]
 [ 10.  -6.   8.]
 [ 10.  -6.  28.]
 [ 10.  -6.  48.]
 [ 10.  -6.  68.]
 [ 10.  14. -12.]
 [ 10.  14.   8.]
 [ 10.  14.  28.]
 [ 10.  14.  48.]
 [ 10.  34. -12.]
 [ 10.  34.   8.]
 [ 10.  34.  28.]
 [ 10.  34.  48.]
 [ 10.  54. -12.]
 [ 10.  54.   8.]
 [ 10.  54.  28.]
 [ 30. -86. -12.]
 [ 30. -86.   8.]
 [ 30. -66. -52.]
 [ 30. -66. -32.]
 [ 30. -66.   8.]
 [ 30. -66.  28.]
 [ 30. -66.  48.]
 [ 30. -46. -32.]
 [ 30. -46.   8.]
 [ 30. -46.  28.]
 [ 30. -26. -32.]
 [ 30. -26. -12.]
 [ 30. -26.   8.]
 [ 30. -26.  28.]
 [ 30.  -6. -32.]
 [ 30.  -6. -12.]
 [ 30.  -6.   8.]
 [ 30.  -6.  28.]
 [ 30.  -6.  48.]
 [ 30.  14. -12.]
 [ 30.  14.   8.]
 [ 30.  14.  28.]
 [ 30.  34. -12.]
 [ 30.  34.  28.]
 [ 30.  54.   8.]
 [ 50. -66. -32.]
 [ 50. -66. -12.]
 [ 50. -66.   8.]
 [ 50. -66.  28.]
 [ 50. -46. -12.]
 [ 50. -46.   8.]
 [ 50. -46.  28.]
 [ 50. -26. -12.]
 [ 50. -26.   8.]
 [ 50. -26.  28.]
 [ 50. -26.  48.]
 [ 50.  -6. -12.]
 [ 50.  -6.   8.]
 [ 50.  -6.  28.]
 [ 50.  14.   8.]
 [ 50.  14.  28.]]"
0,10,55,5,0.835427926458,"[ 0.95652741  0.89352469  0.88503654  0.58023703  0.77220847  0.30459037
  0.81303829  0.73243596  0.47607465  0.8106631   0.39234503  0.95954977
  0.95959999  0.92995799  0.89234432  0.95155378  0.79052844  0.95557018
  0.67626258  0.31313672  0.77301878  0.73563451  0.84734221  0.94363891
  0.95416545  0.95285482  0.93314702  0.80217073  0.8845599   0.82013451
  0.74262282  0.95049891  0.91974025 -0.22821825  0.90351427  0.54812742
  0.89164855  0.94521895  0.91793029  0.75198255  0.44746401  0.90950033
  0.95062534  0.95250881  0.93573611  0.66098488  0.489797    0.19722289
  0.95256094  0.5266993   0.88303254  0.94680167  0.3764028   0.85008482
  0.65140758  0.07880714  0.14873068  0.55451864  0.84634769  0.8491368
  0.70981985  0.21783927  0.87811618 -0.02425868  0.56109347  0.95147432
  0.52582819  0.60761197  0.92165946  0.78060881  0.60221404  0.93014176
  0.56857895  0.85368771  0.83742618  0.55828093  0.87041397  0.96229287
  0.71372441  0.82866344  0.52970713  0.58276354  0.28466305  0.95962381
  0.91821842  0.8782901   0.88967483  0.73189566  0.95171236  0.58567799
  0.22696223  0.84983247  0.26997176  0.91183236  0.78312547  0.90979066
  0.80172677  0.49378883  0.77338917  0.95999016  0.43426766  0.68837218
  0.78978569  0.81511679  0.94704005  0.55496347  0.92237721  0.36888013
  0.78983141  0.84874024  0.60388733  0.85777461  0.91217512  0.91952932
  0.89705141  0.96290489  0.65097479  0.71599463  0.57375446  0.59267995
  0.64082896  0.96755012  0.22879396  0.87474416  0.22973051  0.87135941
  0.85109406  0.96182049  0.94616415  0.88672698  0.89218888  0.94283301
  0.78307564  0.86843421  0.8686157   0.94807572  0.58110406  0.9242476
  0.91240236  0.95286094  0.84398123  0.42812207  0.58785646  0.64381652
  0.7606012   0.95139148  0.63499589 -0.2276359   0.87889357  0.61235723
  0.08674145  0.95244374  0.03756999  0.75745872  0.94003848  0.55263193
  0.60726105  0.91407484  0.71626154  0.9567575   0.78106081  0.85671927
  0.95166549  0.26344718  0.88937589]","[[-50. -66.   8.]
 [-50. -46. -12.]
 [-50.  -6. -32.]
 ..., 
 [ 50.  -6.   8.]
 [ 50.  -6.  28.]
 [ 50.  14.  28.]]","[[-50.  -6.   8.]
 [-10. -26. -32.]
 [-10.  14. -12.]
 [-10.  14.   8.]
 [ 10. -46. -12.]]"
0,10,55,55,0.951244897235,"[ 0.95458378  0.95478248  0.9499905   0.94189776  0.96269629  0.96246899
  0.9500879   0.94552786  0.96592919  0.96593659  0.9578297   0.96234755
  0.9407821   0.83138215  0.96376152  0.95701614  0.95703848  0.95972851
  0.95656396  0.955754    0.91395349  0.90571986  0.96133733  0.96279398
  0.95664836  0.95774577  0.95853796  0.91205702  0.9542195   0.91227024
  0.95689339  0.93926243  0.95733016  0.9586869   0.9472725   0.9581229
  0.95392576  0.91792067  0.95534872  0.95991862  0.95451139  0.95035477
  0.95928808  0.93925245  0.92944106  0.95997385  0.95482657  0.9543007
  0.96218684  0.95114822  0.95194263  0.95703385  0.94092777  0.96076143
  0.96522439  0.94266914  0.93283969  0.95826609  0.95246163  0.95560063
  0.9608701   0.96152796  0.95716961  0.95538516  0.94971541  0.93645958
  0.95719042  0.95794826  0.95713066  0.95217008  0.93323258  0.94332761
  0.95603443  0.96047321  0.95853146  0.95181138  0.95564149  0.95195108
  0.96720679  0.95498542  0.95475804  0.95983033  0.94672879  0.93007203
  0.95219103  0.94399063  0.95699063  0.95904972  0.92556751  0.96203723
  0.9572447   0.95621578  0.96266664  0.95494258  0.94444485  0.9568397
  0.9526047   0.95451247  0.89215574  0.95873309  0.95884617  0.96345263
  0.95759047  0.95653547  0.95975831  0.95911484  0.92433824  0.96541845
  0.95399455  0.9475595   0.96274009  0.95890686  0.95868101  0.93565261
  0.96014078]","[[-50. -46. -12.]
 [-50. -46.   8.]
 [-50. -26.   8.]
 ..., 
 [ 50.  -6. -12.]
 [ 50.  14.   8.]
 [ 50.  14.  28.]]","[[-50. -46. -12.]
 [-50. -26.   8.]
 [-50.  -6.  28.]
 [-30. -66. -52.]
 [-30. -26. -32.]
 [-30. -26. -12.]
 [-30. -26.  48.]
 [-30.  14. -12.]
 [-30.  14.   8.]
 [-30.  34.   8.]
 [-10. -86. -12.]
 [-10. -46. -52.]
 [-10. -46.   8.]
 [-10. -46.  48.]
 [-10. -26.  68.]
 [-10.  -6. -32.]
 [-10.  34. -12.]
 [-10.  34.   8.]
 [-10.  34.  28.]
 [ 10. -86. -32.]
 [ 10. -86. -12.]
 [ 10. -86.  28.]
 [ 10. -66. -12.]
 [ 10. -46. -52.]
 [ 10. -46. -12.]
 [ 10. -26. -52.]
 [ 10. -26. -32.]
 [ 10. -26.   8.]
 [ 10.  -6. -32.]
 [ 10.  -6. -12.]
 [ 10.  -6.  28.]
 [ 10.  -6.  48.]
 [ 10.  14. -12.]
 [ 10.  34.  48.]
 [ 10.  54.  28.]
 [ 30. -86. -12.]
 [ 30. -66. -32.]
 [ 30. -66. -12.]
 [ 30. -66.   8.]
 [ 30. -46. -32.]
 [ 30. -46. -12.]
 [ 30. -46.  28.]
 [ 30. -26.  48.]
 [ 30.  -6. -32.]
 [ 30.  -6. -12.]
 [ 30.  -6.  28.]
 [ 30.  54.   8.]
 [ 50. -66. -12.]
 [ 50. -66.   8.]
 [ 50. -46. -12.]
 [ 50. -26.  28.]
 [ 50. -26.  48.]
 [ 50.  -6. -32.]
 [ 50.  -6.  28.]
 [ 50.  14.   8.]]"
0,10,55,105,0.935850486081,"[ 0.95912913  0.96072337  0.88755006  0.95681558  0.96162329  0.9641472
  0.95971625  0.96040221  0.95953407  0.95814338  0.95504788  0.96875662
  0.96172265  0.94444271  0.95740098  0.92366224  0.95887417  0.96021187
  0.91371295  0.95466964  0.93868256  0.94949146  0.95683475  0.95886306
  0.96205267  0.94374093  0.96422552  0.94835045  0.96174202  0.9290624
  0.95208939  0.94080949  0.91980883  0.96411329  0.95854805  0.93193033
  0.9661545   0.95847845  0.95135386  0.90414575  0.94223629  0.95818278
  0.87707708  0.91789697  0.95705332  0.92122839  0.94264885  0.78533012
  0.95176699  0.95513163  0.92209181  0.94949022  0.95802743  0.96071702
  0.96033057  0.9582189   0.95336479  0.96780917  0.95211867  0.96342767
  0.95837904  0.95792522  0.95074151  0.95021052  0.96142348]","[[-50.  -6.   8.]
 [-30. -86.   8.]
 [-30. -66. -52.]
 ..., 
 [ 50.  -6. -32.]
 [ 50.  -6.  28.]
 [ 50.  14.  28.]]","[[-50. -66.   8.]
 [-50. -46.   8.]
 [-50. -26. -12.]
 [-50. -26.  28.]
 [-50. -26.  48.]
 [-50.  -6. -32.]
 [-50.  -6. -12.]
 [-50.  -6.   8.]
 [-50.  -6.  28.]
 [-50.  14.   8.]
 [-30. -66. -52.]
 [-30. -66. -32.]
 [-30. -66. -12.]
 [-30. -66.   8.]
 [-30. -46. -12.]
 [-30. -46.   8.]
 [-30. -46.  28.]
 [-30. -26. -32.]
 [-30. -26. -12.]
 [-30. -26.   8.]
 [-30. -26.  28.]
 [-30. -26.  48.]
 [-30.  -6. -32.]
 [-30.  -6. -12.]
 [-30.  -6.   8.]
 [-30.  -6.  28.]
 [-30.  -6.  48.]
 [-30.  14. -12.]
 [-30.  14.   8.]
 [-30.  14.  28.]
 [-30.  14.  48.]
 [-30.  34. -12.]
 [-10. -86. -32.]
 [-10. -86. -12.]
 [-10. -86.  28.]
 [-10. -66.   8.]
 [-10. -66.  28.]
 [-10. -66.  48.]
 [-10. -46. -12.]
 [-10. -46.   8.]
 [-10. -46.  28.]
 [-10. -46.  48.]
 [-10. -46.  68.]
 [-10. -26. -32.]
 [-10. -26. -12.]
 [-10. -26.  48.]
 [-10.  -6. -32.]
 [-10.  -6.   8.]
 [-10.  -6.  28.]
 [-10.  -6.  68.]
 [-10.  14. -12.]
 [-10.  14.   8.]
 [-10.  14.  48.]
 [-10.  34. -12.]
 [-10.  54. -12.]
 [-10.  54.  28.]
 [ 10. -86.   8.]
 [ 10. -86.  28.]
 [ 10. -66. -32.]
 [ 10. -66. -12.]
 [ 10. -66.  28.]
 [ 10. -46. -52.]
 [ 10. -46. -32.]
 [ 10. -46.   8.]
 [ 10. -46.  28.]
 [ 10. -26. -32.]
 [ 10. -26. -12.]
 [ 10. -26.  28.]
 [ 10. -26.  68.]
 [ 10.  -6. -12.]
 [ 10.  -6.   8.]
 [ 10.  14. -12.]
 [ 10.  34. -12.]
 [ 10.  34.   8.]
 [ 10.  54.  28.]
 [ 30. -86. -12.]
 [ 30. -86.   8.]
 [ 30. -66. -52.]
 [ 30. -66. -32.]
 [ 30. -66. -12.]
 [ 30. -46. -32.]
 [ 30. -46. -12.]
 [ 30. -26. -32.]
 [ 30. -26. -12.]
 [ 30. -26.  28.]
 [ 30.  -6. -32.]
 [ 30.  -6. -12.]
 [ 30.  -6.   8.]
 [ 30.  14. -12.]
 [ 30.  14.   8.]
 [ 30.  34. -12.]
 [ 30.  34.   8.]
 [ 30.  34.  28.]
 [ 30.  54.   8.]
 [ 50. -66. -32.]
 [ 50. -66.  28.]
 [ 50. -46. -12.]
 [ 50. -46.   8.]
 [ 50. -26. -12.]
 [ 50. -26.  28.]
 [ 50.  -6. -32.]
 [ 50.  -6. -12.]
 [ 50.  -6.   8.]
 [ 50.  14.   8.]
 [ 50.  14.  28.]]"
0,10,55,155,0.900927620325,"[ 0.94551066  0.7189119   0.95748348  0.93159644  0.96123532  0.91666339
  0.95362334  0.95409088  0.95667121  0.88126017  0.94879004  0.95006485
  0.96134859  0.93944284  0.94906475]","[[-50. -46.  28.]
 [-50.  -6. -12.]
 [-30. -86.   8.]
 ..., 
 [ 50.  -6. -32.]
 [ 50.  -6.   8.]
 [ 50.  14.  28.]]","[[-50. -66.   8.]
 [-50. -46. -12.]
 [-50. -46.  28.]
 [-50. -26. -12.]
 [-50. -26.   8.]
 [-50. -26.  28.]
 [-50. -26.  48.]
 [-50.  -6. -32.]
 [-50.  -6. -12.]
 [-50.  -6.   8.]
 [-50.  14.   8.]
 [-30. -86.   8.]
 [-30. -66. -32.]
 [-30. -66. -12.]
 [-30. -66.   8.]
 [-30. -46. -32.]
 [-30. -46. -12.]
 [-30. -46.   8.]
 [-30. -46.  28.]
 [-30. -46.  48.]
 [-30. -26. -32.]
 [-30. -26. -12.]
 [-30. -26.   8.]
 [-30. -26.  28.]
 [-30. -26.  48.]
 [-30.  -6. -12.]
 [-30.  -6.   8.]
 [-30.  -6.  28.]
 [-30.  -6.  48.]
 [-30.  14. -12.]
 [-30.  14.   8.]
 [-30.  14.  28.]
 [-30.  14.  48.]
 [-30.  34.   8.]
 [-30.  34.  28.]
 [-30.  54.   8.]
 [-10. -86. -12.]
 [-10. -86.   8.]
 [-10. -86.  28.]
 [-10. -66. -32.]
 [-10. -66. -12.]
 [-10. -66.   8.]
 [-10. -66.  28.]
 [-10. -66.  48.]
 [-10. -46. -52.]
 [-10. -46. -32.]
 [-10. -46. -12.]
 [-10. -46.   8.]
 [-10. -46.  28.]
 [-10. -46.  48.]
 [-10. -46.  68.]
 [-10. -26. -32.]
 [-10. -26. -12.]
 [-10. -26.   8.]
 [-10. -26.  28.]
 [-10. -26.  48.]
 [-10. -26.  68.]
 [-10.  -6. -32.]
 [-10.  -6. -12.]
 [-10.  -6.   8.]
 [-10.  -6.  28.]
 [-10.  -6.  48.]
 [-10.  -6.  68.]
 [-10.  14. -12.]
 [-10.  14.   8.]
 [-10.  14.  28.]
 [-10.  14.  48.]
 [-10.  34. -12.]
 [-10.  34.   8.]
 [-10.  34.  28.]
 [-10.  34.  48.]
 [-10.  54. -12.]
 [-10.  54.   8.]
 [ 10. -86. -32.]
 [ 10. -86. -12.]
 [ 10. -86.   8.]
 [ 10. -86.  28.]
 [ 10. -66. -32.]
 [ 10. -66. -12.]
 [ 10. -66.   8.]
 [ 10. -66.  28.]
 [ 10. -66.  48.]
 [ 10. -46. -52.]
 [ 10. -46. -32.]
 [ 10. -46. -12.]
 [ 10. -46.   8.]
 [ 10. -46.  28.]
 [ 10. -46.  48.]
 [ 10. -46.  68.]
 [ 10. -26. -52.]
 [ 10. -26. -32.]
 [ 10. -26. -12.]
 [ 10. -26.   8.]
 [ 10. -26.  28.]
 [ 10. -26.  48.]
 [ 10. -26.  68.]
 [ 10.  -6. -32.]
 [ 10.  -6. -12.]
 [ 10.  -6.  28.]
 [ 10.  -6.  48.]
 [ 10.  14. -12.]
 [ 10.  14.   8.]
 [ 10.  14.  28.]
 [ 10.  34. -12.]
 [ 10.  34.   8.]
 [ 10.  34.  28.]
 [ 10.  34.  48.]
 [ 10.  54.   8.]
 [ 10.  54.  28.]
 [ 30. -86. -12.]
 [ 30. -86.   8.]
 [ 30. -66. -32.]
 [ 30. -66. -12.]
 [ 30. -66.   8.]
 [ 30. -66.  28.]
 [ 30. -66.  48.]
 [ 30. -46. -32.]
 [ 30. -46. -12.]
 [ 30. -46.   8.]
 [ 30. -46.  28.]
 [ 30. -46.  48.]
 [ 30. -26. -32.]
 [ 30. -26. -12.]
 [ 30. -26.   8.]
 [ 30. -26.  28.]
 [ 30. -26.  48.]
 [ 30.  -6. -32.]
 [ 30.  -6. -12.]
 [ 30.  -6.   8.]
 [ 30.  -6.  28.]
 [ 30.  -6.  48.]
 [ 30.  14. -12.]
 [ 30.  14.   8.]
 [ 30.  14.  28.]
 [ 30.  14.  48.]
 [ 30.  34. -12.]
 [ 30.  34.   8.]
 [ 30.  54.   8.]
 [ 50. -66. -32.]
 [ 50. -66. -12.]
 [ 50. -66.   8.]
 [ 50. -66.  28.]
 [ 50. -46. -12.]
 [ 50. -46.   8.]
 [ 50. -46.  28.]
 [ 50. -26.   8.]
 [ 50. -26.  28.]
 [ 50. -26.  48.]
 [ 50.  -6. -32.]
 [ 50.  -6. -12.]
 [ 50.  -6.   8.]
 [ 50.  -6.  28.]
 [ 50.  14.   8.]
 [ 50.  14.  28.]
 [ 50.  34.   8.]]"
0,10,105,5,0.465792762466,"[ 0.90693609  0.88566369  0.9479593   0.36473415  0.56722965 -0.04453057
  0.77331827  0.65830269  0.34381818  0.76331895  0.19394393  0.95754052
  0.92972587  0.93412952  0.89635078  0.85448766  0.91293388  0.58478185
  0.11730812  0.74753717  0.65537565  0.85310577  0.94742232  0.95104038
  0.92808651  0.87978795  0.74352829  0.881251    0.80253416  0.6811847
  0.9541055   0.93209526 -0.4531429   0.90743045  0.27896341  0.9079318
  0.95124025  0.92439606  0.72222253  0.15795227  0.91204559  0.95691726
  0.9580132   0.44560097  0.29845559  0.03404425  0.95569091  0.2274188
  0.7459624   0.95224436  0.22570149  0.84895548  0.58313825 -0.23630921
 -0.3655997   0.45591956  0.4317295   0.62357716  0.65787568 -0.13765863
  0.88467517 -0.27040325  0.4465696   0.95132182  0.16582289  0.5108902
  0.94156263  0.88455806  0.84226369  0.73963738  0.3489407   0.94222369
  0.46276418  0.85364503  0.80554305  0.16683444  0.87660067  0.95596515
  0.65251404  0.7993634  -0.0477925   0.4927886   0.14211528  0.93864011
  0.9306882   0.86028256  0.87094262  0.93016197  0.9552845   0.28818847
 -0.04022283  0.70070085 -0.26744302  0.81021478  0.66045043  0.91312656
  0.72271672  0.34550247  0.69791707  0.94260739  0.15431099  0.60964055
  0.74837512  0.7640071   0.95027872  0.4551392   0.79434284 -0.01935951
  0.76574515  0.85224582  0.03694059  0.7161879   0.8113413   0.93097206
  0.74300856  0.93446523  0.49548407  0.58278467  0.47749669  0.66066062
  0.53331869  0.93405696 -0.07281144  0.85673399  0.01458742  0.86332641
  0.82313925  0.87062866  0.95467     0.8933632   0.88167377  0.93793923
  0.71967254  0.84855694  0.87050768  0.95354429  0.34946533  0.94335105
  0.93956024  0.94852431  0.75767694  0.03373924  0.3470783   0.5750706
  0.63951062  0.92514059  0.42183609 -0.38327188  0.89414833  0.5421374
 -0.39111665  0.96369008 -0.42254381  0.72353265  0.95094938  0.42311509
  0.51297941  0.93244425  0.47834868  0.9463638   0.69026039  0.85377854
  0.76814716  0.08258229  0.86628093]","[[-50. -66.   8.]
 [-50. -46. -12.]
 [-50. -46.  28.]
 ..., 
 [ 50. -26.  48.]
 [ 50.  -6. -32.]
 [ 50.  14.  28.]]","[[-50.  -6.   8.]
 [-30. -66.   8.]
 [-10. -86.  28.]
 [-10. -26.  28.]
 [ 10. -46. -32.]]"
0,10,105,55,0.959048562997,"[ 0.96023711  0.96213312  0.96142966  0.96210479  0.95948798  0.96245151
  0.96157331  0.96444689  0.96050838  0.95728188  0.95255402  0.96638106
  0.95794846  0.96014444  0.95887683  0.95995291  0.95857226  0.95952541
  0.95891665  0.95886653  0.96328525  0.95453001  0.96255888  0.96253602
  0.96783609  0.95759593  0.95982805  0.95386188  0.96121353  0.96185879
  0.95960933  0.96108968  0.95805176  0.95840512  0.95956457  0.96056168
  0.96381776  0.9633838   0.96688041  0.96065665  0.96477139  0.96027933
  0.96382904  0.96086322  0.95770889  0.95938773  0.96014029  0.95427569
  0.96390166  0.96272411  0.95830733  0.96162777  0.96101433  0.96285309
  0.95459312  0.96429125  0.95580987  0.95869292  0.96056718  0.95863106
  0.95609465  0.96155589  0.95967061  0.96260898  0.96819342  0.96000477
  0.96149449  0.96135508  0.96303626  0.95986996  0.9518344   0.95889079
  0.96338356  0.96012394  0.96098361  0.95343473  0.96311256  0.95966929
  0.9568972   0.9591604   0.96285136  0.96218062  0.95688057  0.95749802
  0.9584985   0.96369814  0.9585092   0.95877896  0.96015284  0.96306022
  0.95652928  0.96064545  0.95877616  0.95302994  0.96169276  0.96082568
  0.96105391  0.95981749  0.96086196  0.96342486  0.95830821  0.96481685
  0.96508698  0.96005671  0.95433783  0.9631206   0.96540598  0.95875573
  0.95799706  0.96009072  0.95709131  0.95584489  0.96234789  0.96237954
  0.96235229]","[[-50. -46. -12.]
 [-50. -46.  28.]
 [-50. -26. -12.]
 ..., 
 [ 50.  14.   8.]
 [ 50.  14.  28.]
 [ 50.  34.   8.]]","[[-50. -46.   8.]
 [-50. -46.  28.]
 [-50. -26.  48.]
 [-50.  -6. -32.]
 [-50.  14.   8.]
 [-30. -86.   8.]
 [-30. -66.  28.]
 [-30. -46.   8.]
 [-30. -26.  48.]
 [-30.  -6. -32.]
 [-30.  14.  28.]
 [-30.  34. -12.]
 [-30.  34.   8.]
 [-30.  34.  28.]
 [-10. -86. -32.]
 [-10. -86.   8.]
 [-10. -66. -12.]
 [-10. -46. -52.]
 [-10. -46.  28.]
 [-10. -26. -32.]
 [-10. -26.  28.]
 [-10. -26.  48.]
 [-10.  -6. -32.]
 [-10.  -6.  28.]
 [-10.  14. -12.]
 [-10.  34. -12.]
 [-10.  34.  28.]
 [-10.  34.  48.]
 [-10.  54.   8.]
 [-10.  54.  28.]
 [ 10. -86.   8.]
 [ 10. -66.   8.]
 [ 10. -66.  48.]
 [ 10.  -6.  68.]
 [ 10.  14. -12.]
 [ 10.  34.   8.]
 [ 10.  34.  28.]
 [ 10.  54. -12.]
 [ 10.  54.  28.]
 [ 30. -66. -32.]
 [ 30. -66. -12.]
 [ 30. -66.  28.]
 [ 30. -66.  48.]
 [ 30. -46.   8.]
 [ 30. -46.  28.]
 [ 30. -26. -12.]
 [ 30.  -6. -32.]
 [ 30.  14.   8.]
 [ 30.  34.   8.]
 [ 30.  54.   8.]
 [ 50. -46.   8.]
 [ 50. -26. -12.]
 [ 50. -26.  28.]
 [ 50. -26.  48.]
 [ 50.  -6. -12.]]"
0,10,105,105,0.964147895979,"[ 0.96698453  0.9657487   0.96454669  0.9718323   0.96661986  0.96975692
  0.96530271  0.96752954  0.9601501   0.9670499   0.96260192  0.95917454
  0.96512765  0.95743924  0.96329283  0.96373821  0.96277334  0.96357212
  0.96201065  0.96346141  0.97183808  0.96922428  0.96168898  0.95965278
  0.9757125   0.96344952  0.96328697  0.95361264  0.96203533  0.96362497
  0.9665195   0.9590499   0.95554513  0.96704992  0.96474934  0.96135847
  0.97090047  0.97159318  0.96027613  0.95921791  0.95759678  0.96313752
  0.96683698  0.97563104  0.96308207  0.96261779  0.967544    0.95923422
  0.97486037  0.95825159  0.95396407  0.9553524   0.95990762  0.96642873
  0.96319408  0.95850272  0.96409042  0.96297336  0.97540269  0.95351126
  0.96526867  0.96123322  0.95972988  0.95756926  0.9707473 ]","[[-50. -66.   8.]
 [-50. -46.  28.]
 [-50. -26. -12.]
 ..., 
 [ 50.  -6. -12.]
 [ 50.  -6.   8.]
 [ 50.  14.  28.]]","[[-50. -46. -12.]
 [-50. -26. -12.]
 [-50. -26.  28.]
 [-50. -26.  48.]
 [-50.  -6. -12.]
 [-50.  -6.  28.]
 [-30. -66. -52.]
 [-30. -66. -12.]
 [-30. -66.   8.]
 [-30. -46. -12.]
 [-30. -46.   8.]
 [-30. -46.  48.]
 [-30. -26. -12.]
 [-30. -26.   8.]
 [-30. -26.  28.]
 [-30.  -6. -32.]
 [-30.  -6.   8.]
 [-30.  -6.  28.]
 [-30.  -6.  48.]
 [-30.  14. -12.]
 [-30.  14.   8.]
 [-30.  14.  48.]
 [-30.  34.   8.]
 [-30.  34.  28.]
 [-10. -86. -32.]
 [-10. -86. -12.]
 [-10. -86.   8.]
 [-10. -66. -12.]
 [-10. -66.   8.]
 [-10. -66.  28.]
 [-10. -66.  48.]
 [-10. -46. -32.]
 [-10. -46.   8.]
 [-10. -46.  48.]
 [-10. -46.  68.]
 [-10. -26. -32.]
 [-10. -26.  68.]
 [-10.  -6. -12.]
 [-10.  -6.  28.]
 [-10.  -6.  68.]
 [-10.  14. -12.]
 [-10.  14.   8.]
 [-10.  14.  48.]
 [-10.  34. -12.]
 [-10.  34.   8.]
 [-10.  34.  28.]
 [ 10. -86. -12.]
 [ 10. -86.   8.]
 [ 10. -66. -32.]
 [ 10. -66.   8.]
 [ 10. -46. -32.]
 [ 10. -46. -12.]
 [ 10. -46.  28.]
 [ 10. -26. -52.]
 [ 10. -26. -32.]
 [ 10. -26. -12.]
 [ 10. -26.   8.]
 [ 10. -26.  28.]
 [ 10. -26.  68.]
 [ 10.  -6.   8.]
 [ 10.  -6.  28.]
 [ 10.  -6.  48.]
 [ 10.  -6.  68.]
 [ 10.  14. -12.]
 [ 10.  14.   8.]
 [ 10.  14.  28.]
 [ 10.  14.  48.]
 [ 10.  34.   8.]
 [ 10.  34.  48.]
 [ 10.  54. -12.]
 [ 10.  54.   8.]
 [ 10.  54.  28.]
 [ 30. -86. -12.]
 [ 30. -86.   8.]
 [ 30. -66. -52.]
 [ 30. -66. -32.]
 [ 30. -66. -12.]
 [ 30. -66.   8.]
 [ 30. -66.  28.]
 [ 30. -66.  48.]
 [ 30. -46. -32.]
 [ 30. -46. -12.]
 [ 30. -46.  28.]
 [ 30. -46.  48.]
 [ 30. -26. -32.]
 [ 30. -26. -12.]
 [ 30. -26.  48.]
 [ 30.  -6. -12.]
 [ 30.  -6.  28.]
 [ 30.  -6.  48.]
 [ 30.  14.  28.]
 [ 30.  14.  48.]
 [ 30.  34. -12.]
 [ 30.  34.   8.]
 [ 30.  34.  28.]
 [ 50. -66. -32.]
 [ 50. -66.   8.]
 [ 50. -46. -12.]
 [ 50. -46.   8.]
 [ 50. -26. -12.]
 [ 50. -26.  48.]
 [ 50.  -6. -32.]
 [ 50.  -6. -12.]
 [ 50.  14.  28.]
 [ 50.  34.   8.]]"
0,10,105,155,0.967038140665,"[ 0.96097693  0.96871658  0.97740583  0.96319901  0.96159512  0.95219466
  0.95963895  0.96426024  0.9601271   0.96612493  0.9617238   0.96177705
  0.96336048  0.95554772  0.97263566]","[[-50. -46. -12.]
 [-50. -46.  28.]
 [-50. -26. -12.]
 ..., 
 [ 50.  -6. -32.]
 [ 50.  -6.   8.]
 [ 50.  14.  28.]]","[[-50. -66.   8.]
 [-50. -46. -12.]
 [-50. -46.   8.]
 [-50. -46.  28.]
 [-50. -26. -12.]
 [-50. -26.   8.]
 [-50. -26.  48.]
 [-50.  -6. -32.]
 [-50.  -6. -12.]
 [-50.  -6.   8.]
 [-50.  14.   8.]
 [-30. -86.   8.]
 [-30. -66. -52.]
 [-30. -66. -32.]
 [-30. -66. -12.]
 [-30. -66.  28.]
 [-30. -46. -32.]
 [-30. -46. -12.]
 [-30. -46.   8.]
 [-30. -46.  28.]
 [-30. -46.  48.]
 [-30. -26. -32.]
 [-30. -26. -12.]
 [-30. -26.  28.]
 [-30. -26.  48.]
 [-30.  -6. -32.]
 [-30.  -6.   8.]
 [-30.  -6.  28.]
 [-30.  -6.  48.]
 [-30.  14. -12.]
 [-30.  14.   8.]
 [-30.  14.  28.]
 [-30.  14.  48.]
 [-30.  34. -12.]
 [-30.  34.   8.]
 [-30.  34.  28.]
 [-30.  54.   8.]
 [-10. -86. -32.]
 [-10. -86. -12.]
 [-10. -86.   8.]
 [-10. -86.  28.]
 [-10. -66. -32.]
 [-10. -66. -12.]
 [-10. -66.   8.]
 [-10. -66.  28.]
 [-10. -66.  48.]
 [-10. -46. -52.]
 [-10. -46. -32.]
 [-10. -46. -12.]
 [-10. -46.   8.]
 [-10. -46.  28.]
 [-10. -46.  48.]
 [-10. -46.  68.]
 [-10. -26. -32.]
 [-10. -26. -12.]
 [-10. -26.  28.]
 [-10. -26.  48.]
 [-10. -26.  68.]
 [-10.  -6. -32.]
 [-10.  -6. -12.]
 [-10.  -6.   8.]
 [-10.  -6.  28.]
 [-10.  -6.  48.]
 [-10.  -6.  68.]
 [-10.  14. -12.]
 [-10.  14.   8.]
 [-10.  14.  28.]
 [-10.  14.  48.]
 [-10.  34. -12.]
 [-10.  34.   8.]
 [-10.  34.  48.]
 [-10.  54. -12.]
 [-10.  54.  28.]
 [ 10. -86. -32.]
 [ 10. -86. -12.]
 [ 10. -86.  28.]
 [ 10. -66. -32.]
 [ 10. -66.   8.]
 [ 10. -66.  28.]
 [ 10. -66.  48.]
 [ 10. -46. -52.]
 [ 10. -46. -32.]
 [ 10. -46. -12.]
 [ 10. -46.   8.]
 [ 10. -46.  28.]
 [ 10. -46.  48.]
 [ 10. -46.  68.]
 [ 10. -26. -52.]
 [ 10. -26. -32.]
 [ 10. -26. -12.]
 [ 10. -26.   8.]
 [ 10. -26.  28.]
 [ 10. -26.  48.]
 [ 10. -26.  68.]
 [ 10.  -6. -32.]
 [ 10.  -6. -12.]
 [ 10.  -6.   8.]
 [ 10.  -6.  48.]
 [ 10.  -6.  68.]
 [ 10.  14. -12.]
 [ 10.  14.   8.]
 [ 10.  14.  28.]
 [ 10.  14.  48.]
 [ 10.  34. -12.]
 [ 10.  34.   8.]
 [ 10.  34.  28.]
 [ 10.  34.  48.]
 [ 10.  54. -12.]
 [ 10.  54.   8.]
 [ 10.  54.  28.]
 [ 30. -86. -12.]
 [ 30. -86.   8.]
 [ 30. -66. -52.]
 [ 30. -66. -32.]
 [ 30. -66. -12.]
 [ 30. -66.   8.]
 [ 30. -66.  28.]
 [ 30. -66.  48.]
 [ 30. -46. -32.]
 [ 30. -46. -12.]
 [ 30. -46.   8.]
 [ 30. -46.  28.]
 [ 30. -46.  48.]
 [ 30. -26. -32.]
 [ 30. -26. -12.]
 [ 30. -26.   8.]
 [ 30. -26.  28.]
 [ 30. -26.  48.]
 [ 30.  -6. -32.]
 [ 30.  -6. -12.]
 [ 30.  -6.   8.]
 [ 30.  -6.  28.]
 [ 30.  14.   8.]
 [ 30.  14.  28.]
 [ 30.  14.  48.]
 [ 30.  34. -12.]
 [ 30.  34.  28.]
 [ 30.  54.   8.]
 [ 50. -66. -32.]
 [ 50. -66. -12.]
 [ 50. -66.   8.]
 [ 50. -46. -12.]
 [ 50. -46.   8.]
 [ 50. -46.  28.]
 [ 50. -26. -12.]
 [ 50. -26.   8.]
 [ 50. -26.  28.]
 [ 50. -26.  48.]
 [ 50.  -6. -32.]
 [ 50.  -6. -12.]
 [ 50.  -6.   8.]
 [ 50.  -6.  28.]
 [ 50.  14.   8.]
 [ 50.  14.  28.]
 [ 50.  34.   8.]]"
0,10,155,5,0.67745357013,"[ 0.89861109  0.91503557  0.95158643  0.48357446  0.56290074  0.10348586
  0.83702046  0.73004125  0.47732744  0.81482375  0.79214886  0.35375744
  0.91973755  0.94633361  0.91785395  0.84785972  0.49165505  0.89961794
  0.67367672  0.81169623  0.74715015  0.89034149  0.94043194  0.94315611
  0.92571992  0.86238397  0.79696069  0.91962155  0.84668691  0.75700441
  0.94669376  0.95220927 -0.33007265  0.92767658  0.41957719  0.93768154
  0.95964896  0.94020128  0.78747844  0.29273892  0.93035969  0.95761255
  0.95709297  0.95556773  0.56564173  0.44144381  0.1928227   0.95150946
  0.40508199  0.74277286  0.94968461  0.38050456  0.88291796  0.67171326
 -0.10241383 -0.22854037  0.54948367  0.57063011  0.62965401  0.86011303
  0.72695129  0.0080009   0.90861053 -0.12114235  0.5604734   0.32149292
  0.6413283   0.94154044  0.86681528  0.80791975  0.48774501  0.94845228
  0.5710701   0.89521893  0.86361504  0.28766555  0.9116576   0.95021723
  0.73913411  0.84706604  0.08421928  0.58112294  0.2717938   0.91906707
  0.93990153  0.90203307  0.90962819  0.75755441  0.92130708  0.95491244
  0.41404848  0.13925432  0.68537719 -0.0995282   0.78334501  0.74031211
  0.93531215  0.78591877  0.50522894  0.7683656   0.93028428  0.2887534
  0.69770656  0.8091262   0.82448188  0.95303664  0.57564603  0.77871311
  0.17306674  0.81240661  0.88223743  0.19722659  0.71467453  0.783926
  0.94540756  0.73225105  0.92942113  0.61556072  0.68379105  0.59223743
  0.7562204   0.63523795  0.92050143  0.08440308  0.89456294  0.17478311
  0.8987742   0.86810461  0.8550958   0.95620012  0.92832001  0.91606566
  0.95168172  0.80374334  0.89806352  0.89283377  0.94665706  0.47970081
  0.95533101  0.95711482  0.94110017  0.81763685  0.17003867  0.49518532
  0.67552439  0.72085168  0.55439573 -0.23344561  0.92094299  0.62226066
 -0.2267741   0.96167492 -0.2647417   0.77870973  0.95463357  0.53940577
  0.61659451  0.94640101  0.57292127  0.93749756  0.76786137  0.89355885
  0.76076183  0.23459842  0.91508326]","[[-50. -66.   8.]
 [-50. -46. -12.]
 [-50. -46.   8.]
 ..., 
 [ 50.  -6.  28.]
 [ 50.  14.   8.]
 [ 50.  14.  28.]]","[[-50.  14.   8.]
 [-30. -46. -12.]
 [-10.  -6.  28.]
 [-10.  14.  28.]
 [ 30.  34.  28.]]"
0,10,155,55,0.957130211558,"[ 0.96303317  0.95746237  0.95633538  0.97048396  0.96002339  0.95667021
  0.96842226  0.95960774  0.96442343  0.95779319  0.96191259  0.97430202
  0.96290155  0.95828698  0.95025082  0.96226797  0.9513561   0.95728271
  0.95906375  0.95317671  0.96264917  0.9731921   0.95558982  0.9564751
  0.95765096  0.95691825  0.96020837  0.94967023  0.96217363  0.95535008
  0.96284675  0.9637353   0.95451105  0.96689951  0.97164126  0.95221673
  0.9547545   0.97485363  0.95603132  0.9593928   0.96770332  0.95621715
  0.95923511  0.96280062  0.95807748  0.9643463   0.96746639  0.9568131
  0.95344437  0.96152995  0.95610606  0.95495899  0.95938271  0.95774895
  0.95810285  0.95594393  0.96612104  0.96284096  0.96223411  0.95696677
  0.95952167  0.95634301  0.9600104   0.96148001  0.97204793  0.95365361
  0.9548983   0.95862368  0.95899473  0.95157371  0.95516808  0.94979722
  0.95561087  0.95693101  0.96780053  0.96031669  0.95106377  0.96456314
  0.96854343  0.96909326  0.95224296  0.9620369   0.956258    0.95330965
  0.95610098  0.96182908  0.96213526  0.95141045  0.95390819  0.95889589
  0.95544283  0.95715095  0.9525553   0.9586061   0.95333323  0.95913653
  0.95788735  0.95886829  0.96277546  0.96044234  0.95522848  0.96224154
  0.95637657  0.97401497  0.95652234  0.96995864  0.96296585  0.95390802
  0.95903711  0.95833951  0.95452479  0.95957295  0.95403902  0.96466705
  0.95706546]","[[-50. -66.   8.]
 [-50. -46. -12.]
 [-50. -46.   8.]
 ..., 
 [ 50.  14.   8.]
 [ 50.  14.  28.]
 [ 50.  34.   8.]]","[[-50. -46. -12.]
 [-50. -26.   8.]
 [-50. -26.  28.]
 [-50.  -6. -32.]
 [-50.  14.   8.]
 [-30. -66. -32.]
 [-30. -46. -32.]
 [-30. -46. -12.]
 [-30. -46.  48.]
 [-30. -26. -32.]
 [-30. -26. -12.]
 [-30. -26.   8.]
 [-30.  -6.  48.]
 [-30.  54.   8.]
 [-10. -86. -32.]
 [-10. -86. -12.]
 [-10. -66. -32.]
 [-10. -66. -12.]
 [-10. -66.   8.]
 [-10. -66.  28.]
 [-10. -46. -52.]
 [-10. -46. -32.]
 [-10. -46. -12.]
 [-10.  -6. -32.]
 [-10.  -6. -12.]
 [-10.  14.  28.]
 [-10.  34.  48.]
 [ 10. -86.   8.]
 [ 10. -66. -32.]
 [ 10. -46. -52.]
 [ 10. -46. -12.]
 [ 10. -46.   8.]
 [ 10. -46.  68.]
 [ 10. -26. -32.]
 [ 10. -26.  28.]
 [ 10. -26.  48.]
 [ 10. -26.  68.]
 [ 10.  34. -12.]
 [ 10.  54.   8.]
 [ 30. -86.   8.]
 [ 30. -66. -52.]
 [ 30. -46. -32.]
 [ 30. -46.   8.]
 [ 30. -26. -12.]
 [ 30. -26.  28.]
 [ 30. -26.  48.]
 [ 30.  -6.  28.]
 [ 30.  14.   8.]
 [ 30.  34.   8.]
 [ 50. -66.   8.]
 [ 50. -46.   8.]
 [ 50. -26. -12.]
 [ 50.  -6. -12.]
 [ 50.  -6.  28.]
 [ 50.  14.  28.]]"
0,10,155,105,0.969266517532,"[ 0.96670564  0.97487389  0.96620639  0.9662246   0.96685631  0.96383537
  0.96666709  0.96672836  0.96488996  0.95932671  0.96633941  0.97426596
  0.96179916  0.96393711  0.96531553  0.96436001  0.96618385  0.96294324
  0.96626646  0.96709092  0.96329125  0.97285501  0.96295649  0.96270675
  0.96426604  0.96989829  0.97406276  0.96918274  0.97158464  0.96812066
  0.96044624  0.96977009  0.96267629  0.96082942  0.96485166  0.96457726
  0.96596454  0.97297405  0.97377844  0.9697411   0.96267278  0.96454666
  0.96079735  0.96441928  0.97312478  0.96576782  0.97238531  0.9605491
  0.97013269  0.96256546  0.95780529  0.96487486  0.96843737  0.96529025
  0.96286182  0.95964375  0.96298629  0.96393772  0.96541586  0.96489484
  0.9636664   0.97338126  0.9651851   0.96183739  0.96140855]","[[-50. -66.   8.]
 [-50. -46. -12.]
 [-50. -46.   8.]
 ..., 
 [ 50.  14.   8.]
 [ 50.  14.  28.]
 [ 50.  34.   8.]]","[[-50. -66.   8.]
 [-50. -46.   8.]
 [-50. -46.  28.]
 [-50. -26.   8.]
 [-50. -26.  28.]
 [-50.  -6. -32.]
 [-50.  -6.   8.]
 [-50.  14.   8.]
 [-30. -86.   8.]
 [-30. -66. -32.]
 [-30. -66. -12.]
 [-30. -66.   8.]
 [-30. -46. -32.]
 [-30. -46. -12.]
 [-30. -46.  28.]
 [-30. -46.  48.]
 [-30. -26. -32.]
 [-30. -26.   8.]
 [-30. -26.  28.]
 [-30.  -6. -32.]
 [-30.  -6.   8.]
 [-30.  -6.  28.]
 [-30.  -6.  48.]
 [-30.  14.   8.]
 [-30.  14.  48.]
 [-30.  34. -12.]
 [-30.  34.   8.]
 [-30.  34.  28.]
 [-10. -86. -32.]
 [-10. -86. -12.]
 [-10. -66.  28.]
 [-10. -46. -52.]
 [-10. -46. -12.]
 [-10. -46.   8.]
 [-10. -46.  28.]
 [-10. -46.  68.]
 [-10. -26. -12.]
 [-10. -26.   8.]
 [-10.  -6. -32.]
 [-10.  -6.   8.]
 [-10.  -6.  28.]
 [-10.  -6.  48.]
 [-10.  -6.  68.]
 [-10.  14.  28.]
 [-10.  14.  48.]
 [-10.  34. -12.]
 [-10.  34.  48.]
 [-10.  54. -12.]
 [-10.  54.   8.]
 [-10.  54.  28.]
 [ 10. -86. -32.]
 [ 10. -86. -12.]
 [ 10. -86.   8.]
 [ 10. -86.  28.]
 [ 10. -66. -32.]
 [ 10. -66.   8.]
 [ 10. -66.  28.]
 [ 10. -46. -32.]
 [ 10. -46.  28.]
 [ 10. -26. -12.]
 [ 10. -26.   8.]
 [ 10. -26.  28.]
 [ 10. -26.  48.]
 [ 10. -26.  68.]
 [ 10.  -6. -12.]
 [ 10.  -6.   8.]
 [ 10.  -6.  48.]
 [ 10.  14.  48.]
 [ 10.  34. -12.]
 [ 10.  34.   8.]
 [ 10.  34.  28.]
 [ 10.  54.  28.]
 [ 30. -86. -12.]
 [ 30. -86.   8.]
 [ 30. -66.   8.]
 [ 30. -66.  28.]
 [ 30. -66.  48.]
 [ 30. -46. -12.]
 [ 30. -46.   8.]
 [ 30. -46.  28.]
 [ 30. -46.  48.]
 [ 30. -26.  28.]
 [ 30.  -6. -32.]
 [ 30.  -6. -12.]
 [ 30.  -6.  48.]
 [ 30.  14.   8.]
 [ 30.  14.  28.]
 [ 30.  14.  48.]
 [ 30.  34. -12.]
 [ 30.  34.   8.]
 [ 30.  34.  28.]
 [ 50. -66. -32.]
 [ 50. -66. -12.]
 [ 50. -66.   8.]
 [ 50. -46. -12.]
 [ 50. -46.   8.]
 [ 50. -46.  28.]
 [ 50. -26. -12.]
 [ 50. -26.   8.]
 [ 50. -26.  28.]
 [ 50. -26.  48.]
 [ 50.  -6. -32.]
 [ 50.  -6.   8.]
 [ 50.  14.   8.]
 [ 50.  14.  28.]]"
0,10,155,155,0.964484707025,"[ 0.96966699  0.96642628  0.96644228  0.96285307  0.96645321  0.96767619
  0.96113988  0.9629525   0.96935542  0.96180285  0.97430602  0.95728368
  0.96647467  0.96362337  0.9661775 ]","[[-50. -66.   8.]
 [-50. -46. -12.]
 [-50. -46.   8.]
 ..., 
 [ 50.  -6.  28.]
 [ 50.  14.   8.]
 [ 50.  34.   8.]]","[[-50. -46. -12.]
 [-50. -46.   8.]
 [-50. -46.  28.]
 [-50. -26. -12.]
 [-50. -26.   8.]
 [-50. -26.  28.]
 [-50. -26.  48.]
 [-50.  -6. -32.]
 [-50.  -6. -12.]
 [-50.  -6.   8.]
 [-50.  -6.  28.]
 [-50.  14.   8.]
 [-30. -86.   8.]
 [-30. -66. -32.]
 [-30. -66. -12.]
 [-30. -66.   8.]
 [-30. -66.  28.]
 [-30. -46. -32.]
 [-30. -46. -12.]
 [-30. -46.   8.]
 [-30. -46.  28.]
 [-30. -46.  48.]
 [-30. -26. -12.]
 [-30. -26.   8.]
 [-30. -26.  28.]
 [-30. -26.  48.]
 [-30.  -6. -32.]
 [-30.  -6. -12.]
 [-30.  -6.   8.]
 [-30.  -6.  28.]
 [-30.  -6.  48.]
 [-30.  14. -12.]
 [-30.  14.  28.]
 [-30.  14.  48.]
 [-30.  34. -12.]
 [-30.  34.   8.]
 [-30.  34.  28.]
 [-30.  54.   8.]
 [-10. -86. -32.]
 [-10. -86. -12.]
 [-10. -86.  28.]
 [-10. -66. -32.]
 [-10. -66. -12.]
 [-10. -66.   8.]
 [-10. -66.  28.]
 [-10. -46. -52.]
 [-10. -46. -32.]
 [-10. -46. -12.]
 [-10. -46.   8.]
 [-10. -46.  28.]
 [-10. -46.  48.]
 [-10. -46.  68.]
 [-10. -26. -32.]
 [-10. -26.   8.]
 [-10. -26.  28.]
 [-10. -26.  48.]
 [-10. -26.  68.]
 [-10.  -6. -32.]
 [-10.  -6. -12.]
 [-10.  -6.   8.]
 [-10.  -6.  28.]
 [-10.  -6.  48.]
 [-10.  -6.  68.]
 [-10.  14. -12.]
 [-10.  14.   8.]
 [-10.  14.  28.]
 [-10.  14.  48.]
 [-10.  34. -12.]
 [-10.  34.  28.]
 [-10.  34.  48.]
 [-10.  54. -12.]
 [-10.  54.   8.]
 [-10.  54.  28.]
 [ 10. -86. -32.]
 [ 10. -86. -12.]
 [ 10. -86.   8.]
 [ 10. -86.  28.]
 [ 10. -66. -32.]
 [ 10. -66.   8.]
 [ 10. -66.  28.]
 [ 10. -66.  48.]
 [ 10. -46. -52.]
 [ 10. -46. -32.]
 [ 10. -46. -12.]
 [ 10. -46.   8.]
 [ 10. -46.  28.]
 [ 10. -46.  48.]
 [ 10. -46.  68.]
 [ 10. -26. -52.]
 [ 10. -26. -32.]
 [ 10. -26. -12.]
 [ 10. -26.   8.]
 [ 10. -26.  28.]
 [ 10. -26.  48.]
 [ 10. -26.  68.]
 [ 10.  -6. -32.]
 [ 10.  -6. -12.]
 [ 10.  -6.   8.]
 [ 10.  -6.  28.]
 [ 10.  -6.  68.]
 [ 10.  14. -12.]
 [ 10.  14.   8.]
 [ 10.  14.  28.]
 [ 10.  14.  48.]
 [ 10.  34. -12.]
 [ 10.  34.   8.]
 [ 10.  34.  48.]
 [ 10.  54. -12.]
 [ 10.  54.   8.]
 [ 10.  54.  28.]
 [ 30. -86. -12.]
 [ 30. -86.   8.]
 [ 30. -66. -52.]
 [ 30. -66. -12.]
 [ 30. -66.   8.]
 [ 30. -66.  28.]
 [ 30. -66.  48.]
 [ 30. -46. -32.]
 [ 30. -46. -12.]
 [ 30. -46.   8.]
 [ 30. -46.  28.]
 [ 30. -46.  48.]
 [ 30. -26. -32.]
 [ 30. -26. -12.]
 [ 30. -26.   8.]
 [ 30. -26.  28.]
 [ 30. -26.  48.]
 [ 30.  -6. -32.]
 [ 30.  -6. -12.]
 [ 30.  -6.  28.]
 [ 30.  -6.  48.]
 [ 30.  14. -12.]
 [ 30.  14.  28.]
 [ 30.  34. -12.]
 [ 30.  34.   8.]
 [ 30.  34.  28.]
 [ 30.  54.   8.]
 [ 50. -66. -32.]
 [ 50. -66. -12.]
 [ 50. -66.   8.]
 [ 50. -66.  28.]
 [ 50. -46. -12.]
 [ 50. -46.   8.]
 [ 50. -46.  28.]
 [ 50. -26. -12.]
 [ 50. -26.   8.]
 [ 50. -26.  28.]
 [ 50. -26.  48.]
 [ 50.  -6. -32.]
 [ 50.  -6. -12.]
 [ 50.  -6.   8.]
 [ 50.  -6.  28.]
 [ 50.  14.   8.]
 [ 50.  14.  28.]
 [ 50.  34.   8.]]"
