,Ave_corr,Correlations,Model Locations,Patient Locations,Patients
0,0.650846275814,"[ 0.71460429  0.64027427  0.5441729   0.60721118  0.6735755   0.65908038
  0.58286723  0.74192557  0.27977287  0.42579719  0.81373259  0.73269294
  0.6503813   0.55450913  0.72225011  0.535303    0.30983608  0.33596119
  0.46258575  0.61335383  0.40744638  0.38761517  0.67446098  0.64341214
  0.72260028  0.81089428  0.68506958  0.54634722  0.57199758  0.58052199
  0.6511867   0.56138128  0.60853965  0.74538896  0.73345237  0.75323531
  0.76356049  0.62638633  0.68674119  0.80714723  0.72116468  0.58825415
  0.65268467  0.55199465  0.64521282  0.78256154  0.6325665   0.68897981
  0.80352183  0.83141346  0.84517719  0.70348912  0.768317    0.79760688
  0.72792755  0.6210498   0.51445574  0.81894852  0.71356842  0.53930806
  0.59300313  0.60437203  0.67179937  0.70310358  0.70288572  0.52761501
  0.53623842  0.64069149  0.64454979  0.44425546  0.45994613  0.66226363
  0.42926039  0.74918377  0.84147554  0.63670833  0.8357246   0.83955973
  0.74372088  0.80526387  0.86472554  0.77740773  0.58256264  0.61102809
  0.63095419  0.58651942  0.58937419  0.68999543  0.60542771  0.62908732
  0.61446217  0.52592367  0.59287809  0.75940981  0.77793673  0.84775076
  0.62035475  0.66131768  0.61074165  0.56564682  0.65417411  0.5613337
  0.71655014  0.66922287  0.73857539  0.77759012  0.7925051 ]",150,50,10
1,0.088927349955,"[-0.107217   -0.11487377 -0.07653087 -0.04930892 -0.13010204 -0.05826464
  0.04641448 -0.17636831 -0.10346229  0.15282237 -0.13331238 -0.0413357
  0.44115192 -0.02445607 -0.04207805  0.06641867  0.00412606  0.16587056
  0.16294844 -0.05087285 -0.04705532  0.00207145  0.05323141  0.19262724
  0.03467412  0.02278769  0.07510887 -0.14317963  0.20133569  0.81239404
  0.1331555   0.21273415 -0.21113696 -0.20576837 -0.12259796  0.08973153
 -0.17431457 -0.1677227  -0.18824176 -0.1371022   0.08913282  0.52426721
  0.05517305 -0.05591891 -0.01852227  0.14447986  0.13699853 -0.14793246
 -0.07299548 -0.04931474  0.4728701   0.16756861  0.24661662  0.18492609
 -0.03672174  0.03628788  0.15896209 -0.15446986 -0.01983439  0.37228799
  0.06627316  0.01050105 -0.15964992 -0.20469538 -0.12444386  0.58622219
  0.25503986  0.21513866  0.14402445  0.09203561  0.33542021  0.27651045
  0.23842317  0.18221095  0.38795828  0.17328114  0.17491263  0.03107855
  0.2817162   0.34983926  0.15897783  0.02989238 -0.11419588  0.38289596
  0.20590014  0.03469054  0.34726584  0.1877956   0.03617707  0.07633773
  0.20378256  0.21520528  0.16430597  0.06666802  0.12024035  0.17029447
  0.63794457  0.26944095 -0.09959308  0.06907606 -0.11341829  0.05672042
  0.03456049  0.19808918  0.00713538 -0.08626864  0.54170333  0.10627181
  0.07522563]",150,50,10
0,0.661699525852,"[ 0.75530602  0.70640903  0.777502    0.74146766  0.73788582  0.82101299
  0.77270272  0.74877702  0.69710788  0.73412022  0.65022116  0.77231055
  0.61156775  0.68620815  0.71890497  0.79096328  0.76355867  0.74959466
  0.75230091  0.81246595  0.79044139  0.8292618   0.78051638  0.70688626
  0.74856232  0.78112832  0.79473566  0.70931767  0.68986325  0.64615292
  0.73304578  0.64004695  0.58106154  0.5408024   0.63076409  0.56360873
  0.52439548  0.74385089  0.8122064   0.85278374  0.81153809  0.76316
  0.84310879  0.75838356  0.76794595  0.71253695  0.77314621  0.7440232
  0.60207874  0.74392179  0.72881345  0.77079633  0.71549521  0.52882305
  0.79558277  0.77560903  0.74053615  0.72653415  0.62698738  0.49064347
  0.6913207   0.66064073  0.59583461  0.50528026  0.60880717  0.51769105
  0.45372255  0.53414786  0.53590811  0.50396897  0.78433855  0.80388511
  0.85436111  0.81631186  0.80384158  0.75149327  0.76988255  0.74083828
  0.81992655  0.83942008  0.76011117  0.59839968  0.67351258  0.69697887
  0.7167376   0.79902015  0.74693687  0.52193494  0.64670861  0.68704273
  0.73224157  0.77181602  0.63704523  0.46141228  0.60731542  0.64365875
  0.60296798  0.50677811  0.52727272  0.56596321  0.51345937  0.43450675
  0.52065209  0.5128892   0.48816943  0.8194846   0.80549897  0.81508335
  0.81057117  0.78274792  0.79033397  0.66133583  0.64473818  0.64086225
  0.7220089   0.62481623  0.50343691  0.64085507  0.66065111  0.5042877
  0.47410195  0.53539943  0.52331049  0.43918709  0.42518526  0.43755931
  0.81710345  0.76283146  0.7023863   0.68710738  0.62339532  0.61648667
  0.56990287  0.50736778  0.44237048  0.41989301  0.42538283  0.44162187
  0.40205536  0.33719054  0.31891037  0.3412354 ]",150,10,10
1,0.66771026869,"[ 0.75805587  0.66752916  0.67180588  0.78507978  0.67297496  0.71371172
  0.78597875  0.80977339  0.69286989  0.72915571  0.7282091   0.6488419
  0.76771304  0.72697414  0.6430776   0.68880533  0.78696726  0.66513512
  0.74069366  0.82054453  0.82821308  0.71183017  0.75738273  0.7895093
  0.6722629   0.6060675   0.74175021  0.88222368  0.64643115  0.6502038
  0.7887141   0.65600083  0.66390577  0.74841265  0.6617314   0.71553203
  0.68772809  0.70194253  0.72099529  0.65004465  0.73959976  0.83552735
  0.76493769  0.75822553  0.64388365  0.6229321   0.75196618  0.78358856
  0.6627822   0.58174196  0.58614889  0.75161642  0.87553962  0.76812687
  0.57414423  0.51335304  0.58929031  0.74787825  0.7786436   0.49630133
  0.56954646  0.72683445  0.8444583   0.52698041  0.57831415  0.68140676
  0.75114892  0.55311631  0.56798583  0.62121184  0.76826959  0.77194705
  0.81948283  0.81702471  0.70391658  0.65278202  0.67103969  0.78370712
  0.73236997  0.53867915  0.57764217  0.71849762  0.83778715  0.76757591
  0.65946405  0.52658956  0.57917794  0.71698208  0.82654647  0.745731
  0.42915721  0.55360469  0.74759318  0.75310778  0.41986476  0.53195279
  0.706059    0.44701397  0.47946394  0.60722984  0.6587241   0.47641545
  0.53716896  0.87432601  0.83790647  0.8280475   0.74909509  0.78924831
  0.80876198  0.67686519  0.55397906  0.67330371  0.53565069  0.453173
  0.52293475  0.62380349  0.70287245  0.5246837   0.66204145  0.76020877
  0.47523947  0.61967467  0.67307622  0.42695767  0.47326483  0.5235089
  0.44670279  0.8543585   0.7781968   0.74770711  0.62600597  0.6524064
  0.52844106  0.51203721  0.57365803  0.59236607  0.4501144   0.41967214
  0.49561165  0.43895812]",150,10,10
0,0.359988634799,"[ 0.50324884  0.58942141  0.58204535  0.18511538  0.16187075  0.37974161
  0.31040751  0.41655617  0.59303483  0.57978277  0.38048394  0.34872888
  0.20980021  0.13256946  0.3330481   0.23114049  0.44957114  0.27815949
  0.09991183  0.48898587  0.40229229  0.44939637  0.52646967  0.35382853
  0.5940781   0.20920873  0.33686165  0.45921542  0.01689601  0.39148578
  0.37687955  0.52422589  0.22318886  0.24319117  0.23876016]",50,50,10
1,0.129167216364,"[ 0.50129267  0.63958303  0.44228045  0.50416295  0.06392009  0.00860021
 -0.10457834 -0.16601196  0.17046168  0.49047156  0.25444683 -0.17340988
 -0.18226041  0.11493479 -0.30853955  0.11594586 -0.23609898  0.07361611
  0.10852425  0.44762152 -0.17454802 -0.0476211   0.26013918  0.25966991
 -0.08721677  0.23875322  0.26488499 -0.02221802  0.03363759  0.17081072
  0.10484653  0.35427065  0.21789619  0.14623601  0.10316607  0.06234976]",50,50,10
0,0.238662231788,"[ 0.4061279   0.34619188  0.19953712  0.11406514  0.21283054  0.16218255
  0.30604321  0.45633438  0.4192996   0.32282222  0.13021886  0.06486048
 -0.04057716  0.24699683  0.2871017   0.45451304  0.43262784  0.23068542
  0.34613883  0.49601244  0.30408146  0.25443092  0.11446252 -0.03391918
  0.11663988  0.3619897  -0.15669786  0.3851944   0.732177   -0.10897896
 -0.06168774  0.53897959  0.17913902  0.32254583  0.32030068  0.34821372
  0.45856688  0.26145653  0.40966041 -0.01389021 -0.00110242  0.14198314
  0.00342121  0.13976428  0.15443386  0.15310072  0.27200989  0.26549904]",50,10,10
1,0.624640870209,"[ 0.66219893  0.71398185  0.65028799  0.81332333  0.71465528  0.60392789
  0.66602417  0.66522334  0.78426596  0.60688751  0.85039593  0.64476635
  0.77668817  0.65160026  0.66284115  0.76579926  0.62404189  0.58762031
  0.48666447  0.59478375  0.70737908  0.72425044  0.84330023  0.73588276
  0.77036621  0.71428787  0.67605584  0.71035097  0.3908539   0.62228664
  0.71359528  0.71113024  0.30279782  0.41025321  0.54014101  0.63489249
  0.73769584  0.68672381  0.7193856   0.42899897  0.49629839  0.65772953
  0.45974947  0.62054066  0.52106751  0.35936892  0.50763514  0.05376615]",50,10,10
0,0.798134397527,"[ 0.67380833  0.76344246  0.74252305  0.84246422  0.8465591   0.81097152
  0.87789613  0.76801868  0.8269604   0.8187333   0.85776722  0.79515936
  0.7666329   0.84239913  0.71508701  0.83582098  0.78408086  0.85699763
  0.77276875  0.78726249  0.78199138  0.84150219  0.79900711  0.81549837
  0.83343692  0.83352245  0.84360226  0.69817461  0.71623438  0.70372888
  0.78994806  0.71271221  0.71037591  0.75482238  0.78432112  0.75203419
  0.86673009  0.74025237  0.8272872   0.83461571  0.78333707  0.82826952
  0.81449502  0.85955291  0.84947975  0.83205221  0.79983475  0.82238276
  0.84595754  0.84502601  0.84929609  0.88003666  0.62839657  0.78581707
  0.72434466  0.80961439  0.80444541  0.79512905  0.80196245  0.82343854
  0.585363    0.80405284  0.76965477  0.80208784  0.83991829  0.79392384
  0.79906079  0.83737075  0.83240253  0.82537309  0.8201844   0.62271359
  0.82931604  0.83885122  0.86342207  0.85096632  0.77851966  0.84299664
  0.85838954  0.83943226  0.71784505  0.87324163  0.8258416   0.65732223
  0.81321484  0.88071031  0.86499844  0.82967757  0.79331138  0.85435427
  0.7346391   0.81078666  0.85198775  0.77336011  0.79159543  0.83563045
  0.80602692  0.83559945  0.86278609  0.77647319  0.57902901  0.76312711
  0.83106094  0.79011214  0.80936094]",150,50,50
1,0.523326773101,"[ 0.163393    0.21079364  0.05816048  0.04928378  0.21188564  0.15325948
  0.09407543  0.14619056  0.46700147  0.31838911  0.20579367  0.21417046
  0.48564092  0.25824248  0.21178869  0.36478701  0.1992314   0.44432468
  0.57667588  0.64109742  0.36443696  0.804301    0.69544572  0.61347102
  0.54799865  0.63507576  0.69311596  0.38890268  0.30838458  0.39796111
  0.54967379  0.41948353  0.57014062  0.51908391  0.45643602  0.67888349
  0.71309162  0.52706428  0.49092056  0.70629285  0.74869068  0.68510848
  0.70937497  0.33685515  0.64603162  0.41038376  0.60679881  0.81008064
  0.83247973  0.43148727  0.73413485  0.39807847  0.80858234  0.77305902
  0.2242579   0.1885451   0.28650687  0.50690265  0.68508099  0.73813565
  0.17097866  0.75302436  0.62971277  0.48280981  0.59556398  0.6579642
  0.67924795  0.77916055  0.86388287  0.82947043  0.73723313  0.57803972
  0.61161194  0.72920724  0.83563561  0.71584608  0.5741034   0.50946481
  0.5360225   0.23378101  0.68406362  0.6063244   0.69425726  0.51343909
  0.41976002  0.58308321  0.31824849  0.81673715  0.26961397  0.45387322
  0.67885946  0.41536054  0.72287406  0.53655456  0.78794676  0.65811729
  0.74716481  0.69997948  0.42030194  0.4293447   0.79016976  0.54451999
  0.37494504  0.62772714  0.53835992]",150,50,50
0,0.391360550476,"[ 0.64002245  0.43155836  0.21264304  0.18037439  0.03411106 -0.09104358
  0.07984912  0.19871396 -0.0759166  -0.17631994 -0.18489676 -0.06310137
  0.55881297  0.79713644  0.57915788  0.56784075  0.59835937  0.24190597
  0.13816272  0.12395007  0.26752447  0.09481645 -0.09320461 -0.11127622
 -0.032642    0.08913304 -0.14742812 -0.2517645  -0.12838192 -0.15028557
 -0.19606148 -0.03090461  0.80095497  0.29124363  0.13814954  0.86048344
  0.50954509  0.51777747  0.40972254  0.83688941  0.69369161  0.57336766
  0.68231421  0.624501    0.72855737  0.18510863  0.16913322  0.2116669
  0.32584225  0.54769093  0.17660067 -0.04249939 -0.04899659 -0.03363851
  0.02735426  0.00216065 -0.08346945 -0.10291029  0.27106657 -0.00264912
 -0.08235542  0.04077938  0.82298957  0.29610503  0.18003402  0.30426096
  0.54776722  0.55946703  0.47007871  0.77879431  0.78716889  0.60790265
  0.76059939  0.56753915  0.38969043  0.40192553  0.52889111  0.59919926
  0.48548296  0.54458649  0.25060146  0.20395317  0.17006764  0.17229545
  0.25214245  0.46816005  0.42212843  0.36426971  0.23814128  0.12983843
  0.16673529  0.38855761  0.81273271  0.39347883  0.23640746  0.77144404
  0.59738359  0.36646303  0.46388542  0.69527072  0.426867    0.34017604
  0.59399776  0.67717383  0.58286642  0.79714261  0.8037694   0.81603774
  0.64091359  0.48001778  0.59364392  0.57470156  0.61802604  0.69553402
  0.4199173   0.43166659  0.49953832  0.56282525  0.61033534  0.45687927
  0.42395094  0.74502016  0.43605059  0.35327393  0.77472941  0.76850798
  0.54114539  0.58460812  0.6480872   0.77932882  0.79869537  0.61441973
  0.72000563  0.70421225  0.60003328  0.52080241  0.50924185  0.5750114
  0.69682408  0.62216005  0.46383401  0.51768996  0.33613017  0.47475945]",150,10,50
1,0.713809229067,"[ 0.80158458  0.77608801  0.79706188  0.719776    0.79479431  0.71003192
  0.59845424  0.66499329  0.69410606  0.73066112  0.69012452  0.65775269
  0.49630747  0.54734306  0.69816689  0.74881617  0.74670755  0.58040134
  0.72541211  0.79577998  0.74003702  0.60277716  0.71475164  0.74116425
  0.70720454  0.68512405  0.63473901  0.74272126  0.73708389  0.74525753
  0.81319302  0.78696749  0.7579082   0.81583877  0.80628731  0.83496167
  0.68187972  0.54515351  0.66921068  0.75999114  0.80834431  0.7121326
  0.46193349  0.58146526  0.69121428  0.74860716  0.6615293   0.57888258
  0.62430302  0.71635419  0.70482181  0.70788479  0.61927703  0.70570894
  0.79347795  0.74853459  0.75800685  0.80431001  0.75377599  0.81103229
  0.81108464  0.83841666  0.81719055  0.8567503   0.87675436  0.82856345
  0.90500957  0.51683768  0.60848397  0.69881246  0.75620151  0.52697336
  0.65627777  0.78830364  0.75441691  0.45178934  0.68418425  0.79121857
  0.71602101  0.60677863  0.51895171  0.66142552  0.72997749  0.72166214
  0.69514141  0.65802755  0.6138895   0.72775514  0.75187188  0.73410562
  0.72968921  0.68887776  0.83489861  0.75761647  0.81826415  0.86402503
  0.82933662  0.81842959  0.87897952  0.91353469  0.56402574  0.65591038
  0.43935296  0.49642722  0.60106892  0.77475095  0.67960475  0.53529624
  0.66240546  0.72018846  0.73800045  0.70967943  0.66276469  0.77963824
  0.74711754  0.7284766   0.70770021  0.76519244  0.79937655  0.77035935
  0.73503787  0.8555726   0.78904965  0.79956911  0.88719752  0.46141966
  0.52091832  0.59714978  0.6262781   0.67052122  0.68097089  0.69836486
  0.75705919  0.77456428  0.70821046  0.66748449  0.76506453  0.8198487
  0.79517245  0.83342478  0.74214656]",150,10,50
0,0.215580191975,"[ 0.45581249  0.15680804  0.42668455  0.56145391  0.28050308  0.43397769
  0.19876875  0.05331653  0.60253964  0.31954717  0.11206202  0.5244133
  0.06812178  0.49840444  0.259065    0.08451335  0.12227754  0.07644406
  0.07136935  0.4699158   0.33011333  0.02163741  0.00866322  0.08791883
  0.39997887  0.41396893  0.03988415  0.24159538  0.00266644  0.26143506
 -0.13250686  0.08496159  0.20834902  0.05846031  0.10370316 -0.14594041]",50,50,50
1,0.110704715887,"[-0.00939682  0.30329572  0.04720707  0.02834954  0.08106428  0.32009789
 -0.18973512  0.12565396  0.04449866 -0.03301252  0.1884636   0.26996788
  0.10903693  0.16517097 -0.02162702  0.33848136 -0.11742701  0.02535345
 -0.13166567 -0.00542337  0.07397296  0.14026322  0.04611402  0.11737421
  0.09963897  0.32429219  0.2934982  -0.28877765 -0.40025098 -0.23299274
  0.41882428  0.07324803  0.43198191  0.34467054  0.3624184   0.39759666
 -0.01331584  0.47986906]",50,50,50
0,0.499401302085,"[-0.29668329 -0.13533476 -0.08520118  0.23744849  0.06026043 -0.00994055
  0.14225555  0.26695325  0.29490972  0.50895654  0.47058572  0.69075656
  0.72352653  0.76775061  0.5868806   0.46255818  0.39820261  0.65057777
  0.42302657  0.38363519  0.3713024   0.61189971  0.62293418  0.4342604
  0.72746198  0.72240153  0.64179158  0.62234708  0.40986781  0.639507
  0.69172088  0.60762332  0.69708815  0.70559413  0.68058013  0.82214974
  0.60026242  0.58151125  0.50969883  0.64038929  0.69937252  0.67329872
  0.85022948  0.53459092  0.64536581  0.68808609]",50,10,50
1,0.00820075076601,"[-0.47374834 -0.34555313 -0.2083716  -0.12694552 -0.08428177 -0.09060898
 -0.08552179  0.02551469  0.06509492 -0.06263653 -0.21574458  0.02937283
  0.02036029  0.46240739  0.01930625 -0.05357854 -0.12034735  0.07509315
  0.15565808  0.08020591  0.16915967  0.1585944   0.14345506  0.17954741
 -0.01372142  0.01920757 -0.14899223 -0.14091278 -0.20471511 -0.22353516
  0.11651204  0.04880803  0.20353434  0.0888906   0.11231435  0.08854121
  0.19554435  0.28119262 -0.01145191  0.190257    0.24620201 -0.17685827
 -0.20080201 -0.21189366 -0.27118354 -0.30013408  0.17817035  0.34004079
  0.48038979]",50,10,50
